6|039|039|019|027|092|100|022|109|051|098|022|062|
6|028|020|041|041|067|100|051|109|022|062|052|068|
5|069|047|100|100|090|051|109|022|062|119|
5|069|071|100|100|047|119|062|022|109|051|
6|036|100|033|052|052|025|064|056|062|022|109|051|
5|050|100|044|022|051|100|081|113|044|024|
5|089|092|041|095|100|026|077|078|115|066|
5|037|063|100|045|074|061|090|031|071|110|
7|037|080|100|096|093|080|063|095|086|039|004|044|034|061|
7|038|033|060|085|100|043|042|045|094|042|030|024|100|028|
5|017|100|045|076|030|054|037|091|138|043|
8|064|058|096|099|100|067|040|068|124|057|013|005|033|061|048|022|
5|092|100|075|064|097|013|117|051|037|144|
5|019|080|063|100|058|151|030|020|123|039|
8|037|056|065|100|085|087|045|078|021|033|055|025|025|024|142|039|
4|062|100|050|085|071|110|061|120|
5|035|100|083|091|057|040|141|014|084|083|
5|044|046|095|100|066|062|119|031|021|130|
8|028|100|030|014|041|041|030|020|068|016|036|062|022|010|099|051|
5|012|016|099|100|044|081|100|024|044|113|
7|039|027|025|057|057|010|100|051|075|034|022|062|035|084|
6|020|041|092|089|100|090|078|077|026|066|008|108|
5|009|061|057|035|100|036|062|083|040|141|
7|041|055|051|078|070|042|100|075|065|027|016|107|037|037|
6|046|032|025|067|066|100|051|056|054|022|043|138|
4|047|065|097|100|102|079|156|025|
5|018|100|068|026|029|046|135|051|087|044|
5|069|072|100|100|071|031|129|022|062|119|
6|028|100|067|041|041|020|068|052|062|022|109|051|
5|100|082|069|047|100|062|119|051|109|022|
6|069|047|100|100|012|065|051|109|022|062|073|047|
4|018|100|068|029|046|136|137|044|
5|018|029|026|068|100|044|087|051|135|046|
6|028|100|067|041|041|030|068|052|062|022|129|031|
5|054|100|079|024|086|058|030|093|084|097|
7|035|100|089|079|086|091|090|061|039|081|072|004|026|079|
6|005|084|100|039|100|008|090|034|057|057|067|057|
7|042|100|082|095|049|006|100|055|033|033|060|093|033|055|
8|060|081|082|093|067|059|093|100|084|016|020|021|040|061|066|054|
5|054|100|024|094|079|061|123|065|028|086|
4|029|076|068|100|079|100|050|133|
6|033|100|080|050|047|060|015|017|070|079|124|057|
9|049|093|078|100|087|076|052|077|091|059|038|034|011|015|025|093|030|058|
4|039|100|089|068|079|100|083|100|
4|039|100|054|098|057|124|057|124|
5|060|073|069|100|082|035|146|025|015|142|
6|054|100|086|024|094|079|061|039|084|065|028|086|
5|054|100|079|024|086|058|030|093|084|097|
7|035|100|089|079|086|091|090|061|039|081|072|004|026|079|
6|054|100|086|084|057|094|058|039|059|025|065|116|
7|059|099|078|064|058|081|100|054|090|016|021|081|046|055|
7|047|046|040|045|027|093|100|043|009|087|044|046|014|122|
4|015|065|100|024|056|125|119|062|
5|042|019|037|007|100|068|113|081|036|064|
8|057|100|100|070|032|044|053|065|031|011|009|075|057|027|133|022|
6|059|100|067|013|044|027|049|018|115|038|041|103|
5|068|089|100|099|047|119|006|056|130|051|
6|028|100|067|041|041|030|068|052|062|022|129|031|
5|018|029|074|068|100|044|121|016|136|045|
5|069|047|100|100|090|051|109|022|062|119|
5|069|072|100|100|071|031|129|022|062|119|
6|036|025|052|052|033|100|051|109|022|062|056|064|
5|027|043|100|062|080|044|137|136|030|016|
6|053|100|030|041|024|060|011|113|057|113|047|022|
5|034|100|038|039|035|095|086|024|130|027|
5|095|041|092|089|100|078|077|026|066|115|
6|073|066|100|066|043|075|036|092|053|045|112|024|
5|044|066|100|095|046|130|021|031|119|062|
4|036|042|100|079|045|136|031|150|
6|027|043|039|100|099|062|044|087|051|013|123|046|
7|028|030|041|041|014|030|100|031|129|022|062|036|016|068|
5|012|044|100|099|016|113|044|024|100|081|
7|039|027|025|057|057|010|100|051|075|034|022|062|035|084|
4|056|050|068|100|124|057|159|022|
5|027|090|076|100|043|045|109|027|137|044|
5|049|046|045|100|067|075|028|078|079|102|
6|020|090|100|089|092|066|108|008|066|026|118|038|
6|018|030|027|069|042|100|044|087|051|048|088|046|
6|099|100|072|068|089|100|022|129|031|119|006|056|
5|069|072|100|100|071|031|129|022|062|119|
7|036|044|058|059|024|046|100|024|106|052|074|049|017|042|
4|009|057|035|100|098|083|040|141|
8|052|090|042|084|084|083|090|100|142|039|028|002|002|100|025|024|
8|023|100|056|024|023|039|043|029|028|009|035|003|107|016|027|139|
5|017|100|046|082|030|051|036|095|138|043|
5|024|100|078|082|073|151|030|054|088|039|
4|009|014|079|100|084|097|074|107|
5|010|052|100|094|092|107|063|011|028|153|
6|055|013|082|100|050|058|070|111|034|024|103|022|
4|064|100|092|097|168|013|144|037|
5|017|035|076|045|100|122|059|091|037|054|
5|053|097|100|071|054|150|031|028|117|036|
6|038|042|100|089|085|014|028|124|016|015|054|127|
6|041|041|030|028|100|067|022|129|031|068|052|062|
5|100|100|072|069|071|022|129|031|119|062|
6|036|025|052|052|033|100|051|109|022|062|056|064|
4|031|022|046|100|051|130|062|119|
4|100|048|046|070|119|062|130|051|
4|046|032|066|100|051|130|043|138|
6|018|030|075|069|100|086|044|121|016|135|028|018|
5|018|029|074|068|100|044|121|016|136|045|
5|018|030|069|100|100|044|137|135|001|046|
8|036|044|058|059|024|025|046|100|024|106|052|074|007|042|017|042|
5|053|072|100|091|053|075|091|016|107|074|
6|062|060|100|056|061|071|031|111|040|036|108|037|
7|070|077|067|044|030|024|100|021|054|046|025|036|138|043|
7|026|080|100|059|020|053|076|069|018|095|050|080|007|044|
6|040|100|026|064|064|038|021|086|074|052|031|099|
6|041|067|100|028|030|041|062|052|068|031|129|022|
5|069|071|100|100|072|119|062|022|129|031|
7|041|059|030|100|053|060|024|008|050|113|011|022|047|113|
4|038|100|034|039|086|095|157|024|
5|095|100|089|092|041|115|066|026|077|078|
5|017|030|082|046|100|043|138|095|036|051|
5|035|057|091|083|100|083|084|014|141|040|
5|019|058|100|063|080|039|123|020|030|151|
6|064|097|092|100|054|075|037|144|013|030|087|051|
7|055|058|034|086|085|082|100|022|048|094|005|013|034|147|
7|031|093|064|024|072|100|097|044|007|080|050|041|072|069|
6|040|100|026|064|064|038|021|086|074|052|031|099|
4|063|100|091|043|161|020|130|051|
5|018|047|068|089|100|130|051|119|006|056|
5|100|100|072|069|082|022|129|031|119|062|
4|021|053|077|100|130|051|119|062|
6|089|100|090|095|066|092|066|008|108|038|118|026|
4|009|057|035|100|098|083|040|141|
5|012|016|099|100|044|081|100|024|044|113|
7|039|027|025|057|057|010|100|051|075|034|022|062|035|084|
4|056|100|068|050|022|159|057|124|
5|027|090|076|100|043|045|109|027|137|044|
6|027|063|100|076|039|044|046|123|013|051|087|044|
5|027|031|100|058|039|045|136|031|020|130|
4|044|046|095|100|062|119|031|150|
4|009|014|079|100|084|097|074|107|
5|010|052|100|094|092|107|063|011|028|153|
4|062|085|050|100|120|061|110|071|
6|001|005|100|068|021|022|064|085|015|082|009|109|
5|053|072|100|091|053|075|091|016|107|074|
9|036|044|035|058|059|024|025|046|100|024|076|031|052|074|007|042|017|042|
5|063|100|091|092|066|161|020|022|129|031|
5|034|017|039|038|100|113|044|024|086|095|
6|053|060|041|059|030|100|022|159|008|050|113|011|
5|018|029|067|041|100|044|137|136|027|019|
5|100|100|047|069|090|022|109|051|119|062|
5|053|053|091|100|072|074|107|016|091|075|
6|069|087|015|100|100|072|074|046|062|022|129|031|
6|069|072|100|100|012|065|031|129|022|062|073|047|
5|069|082|100|100|072|119|062|022|129|031|
5|069|072|100|100|071|031|129|022|062|119|
4|077|100|021|053|119|062|130|051|
6|089|100|090|095|066|092|066|008|108|038|118|026|
4|009|057|035|100|098|083|040|141|
7|041|100|042|041|070|078|055|037|035|003|107|016|091|075|
9|052|090|042|084|084|083|090|097|100|142|039|028|002|002|100|004|022|024|
6|003|053|068|100|003|001|094|015|050|022|093|088|
6|002|002|100|039|099|063|078|070|034|085|002|095|
6|055|013|082|100|050|058|070|111|034|024|103|022|
7|043|048|037|067|100|096|015|028|018|094|027|015|054|127|
5|017|030|076|045|100|043|138|091|037|054|
5|049|089|093|100|050|150|031|012|133|036|
5|022|020|018|018|100|120|049|013|078|103|
6|003|007|031|027|072|100|078|034|070|050|036|095|
5|010|040|058|040|100|158|023|023|067|091|
7|099|100|073|036|014|037|014|030|003|011|103|036|036|145|
4|046|100|031|022|062|119|051|130|
7|047|100|044|022|058|075|084|039|040|043|060|049|079|053|
6|041|041|030|028|100|067|022|129|031|068|052|062|
7|027|076|100|064|045|047|057|031|125|025|050|002|116|013|
6|035|100|083|091|056|057|040|141|014|032|053|083|
5|063|027|061|059|100|078|077|026|049|132|
5|017|030|082|046|100|043|138|095|036|051|
7|047|100|043|081|058|060|077|039|043|087|013|049|089|043|
4|050|085|062|100|061|120|071|110|
7|037|063|080|093|096|100|063|061|034|044|004|039|120|061|
7|034|100|069|034|026|029|094|044|007|029|051|050|150|031|
6|069|087|015|100|100|072|074|046|062|022|129|031|
8|035|065|100|043|043|039|047|057|012|029|043|051|048|046|053|083|
6|062|084|045|100|047|075|010|098|074|082|076|024|
6|025|044|052|078|087|100|043|082|056|014|116|051|
6|045|056|079|064|100|021|008|067|065|042|107|074|
6|041|067|100|028|030|041|062|052|068|031|129|022|
8|005|031|067|096|095|100|100|038|071|075|009|011|016|013|068|100|
4|100|048|046|070|119|062|130|051|
4|046|048|100|070|062|119|051|130|
4|009|100|079|014|107|074|097|084|
4|046|048|100|070|062|119|051|130|
4|100|048|046|070|119|062|130|051|
4|064|100|092|097|168|013|144|037|
4|079|014|009|100|097|084|107|074|
4|092|100|064|097|013|168|037|144|
4|046|100|031|022|062|119|051|130|
4|077|053|021|100|051|130|062|119|
4|100|068|087|052|084|097|110|071|
4|087|052|100|068|110|071|084|097|
4|008|100|082|054|071|110|081|100|
4|082|100|008|054|110|071|100|081|
4|079|014|009|100|097|084|107|074|
4|009|100|079|014|107|074|097|084|
4|050|100|062|085|110|071|120|061|
4|057|094|081|100|102|079|125|056|
4|057|032|081|100|102|079|125|056|
4|082|100|008|054|110|071|100|081|
4|004|002|073|100|034|147|071|110|
4|009|100|035|056|141|040|135|046|
4|086|100|055|056|031|150|036|145|
4|035|100|009|056|040|141|046|135|
4|055|056|086|100|036|145|031|150|
4|100|023|046|031|084|097|110|071|
4|022|020|100|089|122|059|127|054|
4|046|023|100|031|097|084|071|110|
4|100|089|022|020|127|054|122|059|
4|091|100|003|002|034|147|102|079|
4|003|100|091|002|147|034|079|102|
4|086|100|055|056|031|150|036|145|
4|055|100|086|056|150|031|145|036|
4|092|100|064|097|013|168|037|144|
4|003|100|084|045|147|034|024|157|
4|081|100|057|032|125|056|102|079|
4|005|002|064|100|102|079|093|088|
4|008|100|082|054|071|110|081|100|
4|087|052|100|068|110|071|084|097|
4|100|068|087|052|084|097|110|071|
4|054|100|039|098|124|057|124|057|
4|054|100|039|098|124|057|124|057|
4|039|098|054|100|124|057|124|057|
4|039|098|054|100|124|057|124|057|
4|071|045|100|025|081|100|100|081|
4|071|088|100|025|145|036|100|081|
4|100|025|071|088|100|081|145|036|
4|100|025|071|045|100|081|081|100|
4|100|088|071|025|036|145|081|100|
4|004|002|073|100|034|147|071|110|
4|004|005|073|100|034|147|071|110|
4|073|005|004|100|147|034|110|071|
4|100|025|071|088|100|081|145|036|
4|071|025|100|088|081|100|036|145|
4|071|025|100|088|081|100|036|145|
4|073|002|004|100|147|034|110|071|
4|028|100|039|100|102|079|100|081|
4|100|088|071|045|036|145|081|100|
4|071|088|100|045|145|036|100|081|
4|039|100|028|100|079|102|081|100|
4|039|100|028|100|079|102|081|100|
4|003|100|091|002|147|034|079|102|
4|028|100|039|100|081|100|079|102|
4|039|100|005|008|057|124|057|124|
4|028|100|039|100|081|100|079|102|
4|039|100|005|008|057|124|057|124|
4|005|100|039|008|124|057|124|057|
4|004|005|083|100|039|142|035|146|
4|004|005|083|100|039|142|035|146|
4|091|100|003|002|034|147|102|079|
4|005|100|039|008|124|057|124|057|
4|071|088|100|025|145|036|100|081|
4|100|025|071|088|100|081|145|036|
4|083|005|004|100|142|039|146|035|
4|083|005|004|100|142|039|146|035|
4|028|100|039|100|081|100|079|102|
4|039|100|028|100|100|081|102|079|
4|028|100|039|100|081|100|079|102|
4|039|008|005|100|124|057|124|057|
4|005|008|039|100|057|124|057|124|
4|039|008|005|100|124|057|124|057|
4|005|008|039|100|057|124|057|124|
4|039|100|028|100|100|081|102|079|
4|039|068|089|100|100|081|102|079|
4|039|068|089|100|100|081|102|079|
4|089|068|039|100|081|100|079|102|
4|039|098|054|100|124|057|124|057|
4|089|068|039|100|081|100|079|102|
4|039|098|054|100|124|057|124|057|
4|054|098|039|100|057|124|057|124|
4|054|098|039|100|057|124|057|124|
4|100|025|071|088|100|081|145|036|
4|066|100|003|100|071|110|157|024|
4|071|088|100|025|145|036|100|081|
4|039|098|054|100|124|057|124|057|
4|054|098|039|100|057|124|057|124|
4|054|098|039|100|057|124|057|124|
4|039|098|054|100|124|057|124|057|
4|071|045|100|025|081|100|100|081|
4|100|025|071|045|100|081|081|100|
4|100|088|071|025|036|145|081|100|
4|071|088|100|025|145|036|100|081|
4|071|088|100|045|145|036|100|081|
4|100|088|071|045|036|145|081|100|
4|024|079|054|100|093|088|058|123|
4|039|008|005|100|124|057|124|057|
4|005|008|039|100|057|124|057|124|
4|005|008|039|100|057|124|057|124|
4|039|008|005|100|124|057|124|057|
4|003|100|066|100|110|071|024|157|
4|081|100|057|032|125|056|102|079|
4|005|002|064|100|102|079|093|088|
4|054|079|024|100|088|093|123|058|
4|024|079|054|100|093|088|058|123|
4|057|032|081|100|102|079|125|056|
4|039|100|028|100|100|081|102|079|
4|039|100|028|100|100|081|102|079|
4|098|044|070|100|036|145|044|137|
4|098|044|070|100|036|145|044|137|
4|070|044|098|100|145|036|137|044|
4|003|100|084|045|147|034|024|157|
4|084|100|003|045|034|147|157|024|
4|086|100|055|056|031|150|036|145|
4|055|056|086|100|036|145|031|150|
4|100|024|015|070|119|062|130|051|
4|009|100|035|056|141|040|135|046|
4|035|100|009|056|040|141|046|135|
4|015|024|100|070|062|119|051|130|
4|015|024|100|070|062|119|051|130|
4|100|024|015|070|119|062|130|051|
4|009|100|035|056|141|040|135|046|
4|055|100|086|056|150|031|145|036|
4|004|100|004|002|072|109|088|093|
4|004|002|004|100|088|093|072|109|
4|100|070|015|024|051|130|062|119|
4|015|024|100|070|062|119|051|130|
4|100|070|015|024|051|130|062|119|
4|015|024|100|070|062|119|051|130|
4|086|100|055|056|031|150|036|145|
4|081|100|057|094|125|056|102|079|
4|057|094|081|100|102|079|125|056|
4|022|020|100|089|122|059|127|054|
4|100|089|022|020|127|054|122|059|
4|004|002|004|100|088|093|072|109|
4|004|100|004|002|072|109|088|093|
4|046|023|100|031|097|084|071|110|
4|100|023|046|031|084|097|110|071|
4|073|002|004|100|147|034|110|071|
4|004|005|073|100|034|147|071|110|
4|064|100|092|097|168|013|144|037|
4|081|100|057|094|125|056|102|079|
4|064|002|005|100|079|102|088|093|
4|066|100|003|100|071|110|157|024|
4|073|005|004|100|147|034|110|071|
4|028|100|039|100|102|079|100|081|
4|003|100|066|100|110|071|024|157|
4|064|002|005|100|079|102|088|093|
4|054|079|024|100|088|093|123|058|
4|070|044|098|100|145|036|137|044|
4|084|100|003|045|034|147|157|024|
4|100|048|046|070|119|062|130|051|
4|046|048|100|070|062|119|051|130|
4|009|100|079|014|107|074|097|084|
4|046|048|100|070|062|119|051|130|
4|100|048|046|070|119|062|130|051|
4|064|100|092|097|168|013|144|037|
4|079|014|009|100|097|084|107|074|
4|092|100|064|097|013|168|037|144|
4|100|068|087|052|084|097|110|071|
4|087|052|100|068|110|071|084|097|
4|008|100|082|054|071|110|081|100|
4|082|100|008|054|110|071|100|081|
4|079|014|009|100|097|084|107|074|
4|009|100|079|014|107|074|097|084|
4|057|094|081|100|102|079|125|056|
4|057|032|081|100|102|079|125|056|
4|082|100|008|054|110|071|100|081|
4|004|002|073|100|034|147|071|110|
4|009|100|035|056|141|040|135|046|
4|086|100|055|056|031|150|036|145|
4|035|100|009|056|040|141|046|135|
4|055|056|086|100|036|145|031|150|
4|100|023|046|031|084|097|110|071|
4|022|020|100|089|122|059|127|054|
4|046|023|100|031|097|084|071|110|
4|100|089|022|020|127|054|122|059|
4|091|100|003|002|034|147|102|079|
4|009|100|035|056|141|040|135|046|
4|003|100|091|002|147|034|079|102|
4|086|100|055|056|031|150|036|145|
4|055|100|086|056|150|031|145|036|
4|035|100|009|056|040|141|046|135|
4|092|100|064|097|013|168|037|144|
4|003|100|084|045|147|034|024|157|
4|081|100|057|032|125|056|102|079|
4|005|002|064|100|102|079|093|088|
4|008|100|082|054|071|110|081|100|
4|087|052|100|068|110|071|084|097|
4|100|068|087|052|084|097|110|071|
4|054|100|039|098|124|057|124|057|
4|054|100|039|098|124|057|124|057|
4|039|098|054|100|124|057|124|057|
4|039|098|054|100|124|057|124|057|
4|071|045|100|025|081|100|100|081|
4|071|088|100|025|145|036|100|081|
4|100|025|071|088|100|081|145|036|
4|100|025|071|045|100|081|081|100|
4|100|088|071|025|036|145|081|100|
4|004|002|073|100|034|147|071|110|
4|004|005|073|100|034|147|071|110|
4|073|005|004|100|147|034|110|071|
4|100|025|071|088|100|081|145|036|
4|071|025|100|088|081|100|036|145|
4|071|025|100|088|081|100|036|145|
4|073|002|004|100|147|034|110|071|
4|028|100|039|100|102|079|100|081|
4|100|088|071|045|036|145|081|100|
4|071|088|100|045|145|036|100|081|
4|039|100|028|100|079|102|081|100|
4|039|100|028|100|079|102|081|100|
4|003|100|091|002|147|034|079|102|
4|028|100|039|100|081|100|079|102|
4|039|100|005|008|057|124|057|124|
4|028|100|039|100|081|100|079|102|
4|039|100|005|008|057|124|057|124|
4|005|100|039|008|124|057|124|057|
4|004|005|083|100|039|142|035|146|
4|004|005|083|100|039|142|035|146|
4|091|100|003|002|034|147|102|079|
4|005|100|039|008|124|057|124|057|
4|071|088|100|025|145|036|100|081|
4|100|025|071|088|100|081|145|036|
4|083|005|004|100|142|039|146|035|
4|083|005|004|100|142|039|146|035|
4|028|100|039|100|081|100|079|102|
4|039|100|028|100|100|081|102|079|
4|028|100|039|100|081|100|079|102|
4|039|008|005|100|124|057|124|057|
4|005|008|039|100|057|124|057|124|
4|039|008|005|100|124|057|124|057|
4|005|008|039|100|057|124|057|124|
4|039|100|028|100|100|081|102|079|
4|039|068|089|100|100|081|102|079|
4|039|068|089|100|100|081|102|079|
4|089|068|039|100|081|100|079|102|
4|039|098|054|100|124|057|124|057|
4|089|068|039|100|081|100|079|102|
4|039|098|054|100|124|057|124|057|
4|054|098|039|100|057|124|057|124|
4|054|098|039|100|057|124|057|124|
4|100|025|071|088|100|081|145|036|
4|066|100|003|100|071|110|157|024|
4|071|088|100|025|145|036|100|081|
4|039|098|054|100|124|057|124|057|
4|054|098|039|100|057|124|057|124|
4|054|098|039|100|057|124|057|124|
4|039|098|054|100|124|057|124|057|
4|071|045|100|025|081|100|100|081|
4|100|025|071|045|100|081|081|100|
4|100|088|071|025|036|145|081|100|
4|071|088|100|025|145|036|100|081|
4|071|088|100|045|145|036|100|081|
4|100|088|071|045|036|145|081|100|
4|024|079|054|100|093|088|058|123|
4|039|008|005|100|124|057|124|057|
4|005|008|039|100|057|124|057|124|
4|005|008|039|100|057|124|057|124|
4|039|008|005|100|124|057|124|057|
4|003|100|066|100|110|071|024|157|
4|081|100|057|032|125|056|102|079|
4|005|002|064|100|102|079|093|088|
4|054|079|024|100|088|093|123|058|
4|024|079|054|100|093|088|058|123|
4|057|032|081|100|102|079|125|056|
4|039|100|028|100|100|081|102|079|
4|039|100|028|100|100|081|102|079|
4|098|044|070|100|036|145|044|137|
4|098|044|070|100|036|145|044|137|
4|070|044|098|100|145|036|137|044|
4|003|100|084|045|147|034|024|157|
4|084|100|003|045|034|147|157|024|
4|086|100|055|056|031|150|036|145|
4|055|056|086|100|036|145|031|150|
4|100|024|015|070|119|062|130|051|
4|009|100|035|056|141|040|135|046|
4|035|100|009|056|040|141|046|135|
4|015|024|100|070|062|119|051|130|
4|015|024|100|070|062|119|051|130|
4|100|024|015|070|119|062|130|051|
4|035|100|009|056|040|141|046|135|
4|009|100|035|056|141|040|135|046|
4|055|100|086|056|150|031|145|036|
4|004|100|004|002|072|109|088|093|
4|004|002|004|100|088|093|072|109|
4|100|070|015|024|051|130|062|119|
4|015|024|100|070|062|119|051|130|
4|100|070|015|024|051|130|062|119|
4|015|024|100|070|062|119|051|130|
4|086|100|055|056|031|150|036|145|
4|081|100|057|094|125|056|102|079|
4|057|094|081|100|102|079|125|056|
4|022|020|100|089|122|059|127|054|
4|100|089|022|020|127|054|122|059|
4|004|002|004|100|088|093|072|109|
4|004|100|004|002|072|109|088|093|
4|046|023|100|031|097|084|071|110|
4|100|023|046|031|084|097|110|071|
4|073|002|004|100|147|034|110|071|
4|004|005|073|100|034|147|071|110|
4|064|100|092|097|168|013|144|037|
4|081|100|057|094|125|056|102|079|
4|064|002|005|100|079|102|088|093|
4|066|100|003|100|071|110|157|024|
4|073|005|004|100|147|034|110|071|
4|028|100|039|100|102|079|100|081|
4|003|100|066|100|110|071|024|157|
4|064|002|005|100|079|102|088|093|
4|054|079|024|100|088|093|123|058|
4|070|044|098|100|145|036|137|044|
4|084|100|003|045|034|147|157|024|
4|100|048|046|070|119|062|130|051|
4|046|048|100|070|062|119|051|130|
4|009|100|079|014|107|074|097|084|
4|046|048|100|070|062|119|051|130|
4|100|048|046|070|119|062|130|051|
4|064|100|092|097|168|013|144|037|
4|079|014|009|100|097|084|107|074|
4|092|100|064|097|013|168|037|144|
4|100|068|087|052|084|097|110|071|
4|087|052|100|068|110|071|084|097|
4|008|100|082|054|071|110|081|100|
4|082|100|008|054|110|071|100|081|
4|079|014|009|100|097|084|107|074|
4|009|100|079|014|107|074|097|084|
4|057|094|081|100|102|079|125|056|
4|057|032|081|100|102|079|125|056|
4|082|100|008|054|110|071|100|081|
4|004|002|073|100|034|147|071|110|
4|009|100|035|056|141|040|135|046|
4|086|100|055|056|031|150|036|145|
4|035|100|009|056|040|141|046|135|
4|055|056|086|100|036|145|031|150|
4|100|023|046|031|084|097|110|071|
4|022|020|100|089|122|059|127|054|
4|046|023|100|031|097|084|071|110|
4|100|089|022|020|127|054|122|059|
4|091|100|003|002|034|147|102|079|
4|009|100|035|056|141|040|135|046|
4|003|100|091|002|147|034|079|102|
4|086|100|055|056|031|150|036|145|
4|055|100|086|056|150|031|145|036|
4|035|100|009|056|040|141|046|135|
4|092|100|064|097|013|168|037|144|
4|003|100|084|045|147|034|024|157|
4|081|100|057|032|125|056|102|079|
4|005|002|064|100|102|079|093|088|
4|008|100|082|054|071|110|081|100|
4|087|052|100|068|110|071|084|097|
4|100|068|087|052|084|097|110|071|
4|054|100|039|098|124|057|124|057|
4|054|100|039|098|124|057|124|057|
4|039|098|054|100|124|057|124|057|
4|039|098|054|100|124|057|124|057|
4|071|045|100|025|081|100|100|081|
4|071|088|100|025|145|036|100|081|
4|100|025|071|088|100|081|145|036|
4|100|025|071|045|100|081|081|100|
4|100|088|071|025|036|145|081|100|
4|004|002|073|100|034|147|071|110|
4|004|005|073|100|034|147|071|110|
4|073|005|004|100|147|034|110|071|
4|100|025|071|088|100|081|145|036|
4|071|025|100|088|081|100|036|145|
4|071|025|100|088|081|100|036|145|
4|073|002|004|100|147|034|110|071|
4|028|100|039|100|102|079|100|081|
4|100|088|071|045|036|145|081|100|
4|071|088|100|045|145|036|100|081|
4|039|100|028|100|079|102|081|100|
4|039|100|028|100|079|102|081|100|
4|003|100|091|002|147|034|079|102|
4|028|100|039|100|081|100|079|102|
4|039|100|005|008|057|124|057|124|
4|028|100|039|100|081|100|079|102|
4|039|100|005|008|057|124|057|124|
4|005|100|039|008|124|057|124|057|
4|004|005|083|100|039|142|035|146|
4|004|005|083|100|039|142|035|146|
4|091|100|003|002|034|147|102|079|
4|005|100|039|008|124|057|124|057|
4|071|088|100|025|145|036|100|081|
4|100|025|071|088|100|081|145|036|
4|083|005|004|100|142|039|146|035|
4|083|005|004|100|142|039|146|035|
4|028|100|039|100|081|100|079|102|
4|039|100|028|100|100|081|102|079|
4|028|100|039|100|081|100|079|102|
4|039|008|005|100|124|057|124|057|
4|005|008|039|100|057|124|057|124|
4|039|008|005|100|124|057|124|057|
4|005|008|039|100|057|124|057|124|
4|039|100|028|100|100|081|102|079|
4|039|068|089|100|100|081|102|079|
4|039|068|089|100|100|081|102|079|
4|089|068|039|100|081|100|079|102|
4|039|098|054|100|124|057|124|057|
4|089|068|039|100|081|100|079|102|
4|039|098|054|100|124|057|124|057|
4|054|098|039|100|057|124|057|124|
4|054|098|039|100|057|124|057|124|
4|100|025|071|088|100|081|145|036|
4|066|100|003|100|071|110|157|024|
4|071|088|100|025|145|036|100|081|
4|039|098|054|100|124|057|124|057|
4|054|098|039|100|057|124|057|124|
4|054|098|039|100|057|124|057|124|
4|039|098|054|100|124|057|124|057|
4|071|045|100|025|081|100|100|081|
4|100|025|071|045|100|081|081|100|
4|100|088|071|025|036|145|081|100|
4|071|088|100|025|145|036|100|081|
4|071|088|100|045|145|036|100|081|
4|100|088|071|045|036|145|081|100|
4|024|079|054|100|093|088|058|123|
4|039|008|005|100|124|057|124|057|
4|005|008|039|100|057|124|057|124|
4|005|008|039|100|057|124|057|124|
4|039|008|005|100|124|057|124|057|
4|003|100|066|100|110|071|024|157|
4|081|100|057|032|125|056|102|079|
4|005|002|064|100|102|079|093|088|
4|054|079|024|100|088|093|123|058|
4|024|079|054|100|093|088|058|123|
4|057|032|081|100|102|079|125|056|
4|039|100|028|100|100|081|102|079|
4|039|100|028|100|100|081|102|079|
4|098|044|070|100|036|145|044|137|
4|098|044|070|100|036|145|044|137|
4|070|044|098|100|145|036|137|044|
4|003|100|084|045|147|034|024|157|
4|084|100|003|045|034|147|157|024|
4|086|100|055|056|031|150|036|145|
4|055|056|086|100|036|145|031|150|
4|100|024|015|070|119|062|130|051|
4|009|100|035|056|141|040|135|046|
4|035|100|009|056|040|141|046|135|
4|015|024|100|070|062|119|051|130|
4|015|024|100|070|062|119|051|130|
4|100|024|015|070|119|062|130|051|
4|035|100|009|056|040|141|046|135|
4|009|100|035|056|141|040|135|046|
4|055|100|086|056|150|031|145|036|
4|004|100|004|002|072|109|088|093|
4|004|002|004|100|088|093|072|109|
4|100|070|015|024|051|130|062|119|
4|015|024|100|070|062|119|051|130|
4|100|070|015|024|051|130|062|119|
4|015|024|100|070|062|119|051|130|
4|086|100|055|056|031|150|036|145|
4|081|100|057|094|125|056|102|079|
4|057|094|081|100|102|079|125|056|
4|022|020|100|089|122|059|127|054|
4|100|089|022|020|127|054|122|059|
4|004|002|004|100|088|093|072|109|
4|004|100|004|002|072|109|088|093|
4|046|023|100|031|097|084|071|110|
4|100|023|046|031|084|097|110|071|
4|073|002|004|100|147|034|110|071|
4|004|005|073|100|034|147|071|110|
4|064|100|092|097|168|013|144|037|
4|081|100|057|094|125|056|102|079|
4|064|002|005|100|079|102|088|093|
4|066|100|003|100|071|110|157|024|
4|073|005|004|100|147|034|110|071|
4|028|100|039|100|102|079|100|081|
4|003|100|066|100|110|071|024|157|
4|064|002|005|100|079|102|088|093|
4|054|079|024|100|088|093|123|058|
4|070|044|098|100|145|036|137|044|
4|084|100|003|045|034|147|157|024|
6|039|100|099|081|072|087|059|003|120|061|046|074|
6|066|100|081|058|020|087|060|086|036|080|068|033|
5|027|042|028|100|073|058|123|058|060|063|
7|057|100|046|031|046|079|090|050|047|084|084|016|020|061|
6|069|100|077|030|078|079|047|034|100|079|026|076|
5|069|047|100|100|090|051|109|022|062|119|
5|018|100|100|069|030|046|001|135|137|044|
5|027|100|045|038|021|073|029|079|100|081|
7|054|100|086|028|057|050|085|058|039|043|042|052|041|088|
5|051|087|044|059|100|093|088|054|068|060|
6|042|082|095|049|082|100|088|033|060|093|033|055|
5|054|086|057|094|100|097|084|065|058|058|
4|054|098|039|100|057|124|057|124|
5|060|082|100|069|073|142|015|025|146|035|
6|031|093|074|017|044|100|015|017|070|079|108|073|
5|069|047|100|100|090|051|109|022|062|119|
5|018|029|074|068|100|044|121|016|136|045|
5|063|066|092|091|100|031|129|022|020|161|
5|027|080|062|100|043|016|030|136|137|044|
6|047|074|068|079|100|053|028|045|066|044|112|069|
4|013|066|083|100|098|083|068|113|
4|060|083|083|100|054|076|163|070|
7|014|051|052|022|100|089|089|118|004|059|085|022|012|063|
6|016|089|100|034|053|052|120|033|028|116|004|061|
5|038|093|047|045|100|113|068|004|098|079|
5|015|061|026|100|038|098|083|080|022|079|
6|039|087|072|081|099|100|074|046|061|120|003|059|
5|027|073|100|028|042|063|060|058|123|058|
6|066|087|020|058|081|100|033|068|080|036|086|060|
6|025|086|090|035|100|089|072|030|079|061|039|081|
5|039|063|063|091|100|122|059|025|098|059|
5|032|070|100|069|077|055|044|083|009|172|
4|012|089|100|043|120|061|120|061|
5|030|100|072|074|087|142|039|022|055|104|
5|049|077|100|069|061|028|071|083|036|145|
4|039|047|028|100|079|102|081|100|
7|054|086|057|050|094|085|100|097|084|052|014|028|030|058|
6|060|081|065|090|093|100|084|016|081|061|066|054|
5|027|100|045|038|021|073|029|079|100|081|
5|069|047|100|100|090|051|109|022|062|119|
5|100|100|072|069|090|022|129|031|119|062|
5|091|100|063|066|092|020|161|031|129|022|
6|036|100|033|052|052|025|064|056|062|022|109|051|
5|095|100|089|092|041|115|066|026|077|078|
8|038|098|100|052|055|087|044|045|015|012|031|074|040|012|156|025|
5|019|060|100|064|083|039|095|047|030|151|
